bin,#recs,#g,#b,%g,%b,tot,cg,cb,%cg,FDR,KS,FPR,Fraud Savings,FP Loss,Overall Savings
0.0,0.0,0.0,0.0,0.0,0.0,0.0,0.0,0.0,0.0,0.0,0.0,0.0,0.0,0.0,0.0
1.0,252.0,93.0,159.0,36.904761904761905,63.095238095238095,252.0,93.0,159.0,0.37323915399125096,58.02919708029197,57.65595792630072,0.5849056603773585,63600.0,2790.0,60810.0
2.0,252.0,213.0,39.0,84.52380952380952,15.476190476190482,504.0,306.0,198.0,1.2280772163583096,72.26277372262774,71.03469650626943,1.5454545454545454,79200.0,9180.0,70020.0
3.0,252.0,249.0,3.0,98.80952380952381,1.1904761904761898,756.0,555.0,201.0,2.2273949512381104,73.35766423357664,71.13026928233853,2.7611940298507465,80400.0,16650.0,63750.0
4.0,252.0,252.0,0.0,100.0,0.0,1008.0,807.0,201.0,3.238752658827307,73.35766423357664,70.11891157474933,4.014925373134329,80400.0,24210.0,56190.0
5.0,252.0,246.0,6.0,97.61904761904762,2.3809523809523796,1260.0,1053.0,207.0,4.226030420997712,75.54744525547446,71.32141483447674,5.086956521739131,82800.0,31590.0,51210.0
6.0,251.0,247.0,4.0,98.40637450199203,1.5936254980079667,1511.0,1300.0,211.0,5.217321507404583,77.00729927007299,71.78997776266841,6.161137440758294,84400.0,39000.0,45400.0
7.0,252.0,247.0,5.0,98.01587301587301,1.9841269841269877,1763.0,1547.0,216.0,6.208612593811454,78.83211678832117,72.62350419450972,7.162037037037037,86400.0,46410.0,39990.0
8.0,252.0,250.0,2.0,99.2063492063492,0.7936507936507979,2015.0,1797.0,218.0,7.21194365292772,79.56204379562044,72.35010014269272,8.243119266055047,87200.0,53910.0,33290.0
9.0,252.0,248.0,4.0,98.41269841269842,1.5873015873015817,2267.0,2045.0,222.0,8.207248063571056,81.02189781021897,72.81464974664792,9.211711711711711,88800.0,61350.0,27450.0
10.0,252.0,248.0,4.0,98.41269841269842,1.5873015873015817,2519.0,2293.0,226.0,9.202552474214391,82.48175182481752,73.27919935060314,10.146017699115044,90400.0,68790.0,21610.0
11.0,252.0,249.0,3.0,98.80952380952381,1.1904761904761898,2771.0,2542.0,229.0,10.201870209094192,83.57664233576642,73.37477212667223,11.100436681222707,91600.0,76260.0,15340.0
12.0,252.0,252.0,0.0,100.0,0.0,3023.0,2794.0,229.0,11.213227916683389,83.57664233576642,72.36341441908303,12.200873362445416,91600.0,83820.0,7780.0
13.0,252.0,251.0,1.0,99.60317460317461,0.39682539682539186,3275.0,3045.0,230.0,12.22057230003612,83.94160583941606,71.72103353937993,13.23913043478261,92000.0,91350.0,650.0
14.0,252.0,251.0,1.0,99.60317460317461,0.39682539682539186,3527.0,3296.0,231.0,13.227916683388852,84.30656934306569,71.07865265967683,14.268398268398268,92400.0,98880.0,-6480.0
15.0,252.0,252.0,0.0,100.0,0.0,3779.0,3548.0,231.0,14.239274390978046,84.30656934306569,70.06729495208765,15.35930735930736,92400.0,106440.0,-14040.0
16.0,252.0,249.0,3.0,98.80952380952381,1.1904761904761898,4031.0,3797.0,234.0,15.238592125857847,85.4014598540146,70.16286772815675,16.226495726495727,93600.0,113910.0,-20310.0
17.0,251.0,247.0,4.0,98.40637450199203,1.5936254980079667,4282.0,4044.0,238.0,16.22988321226472,86.86131386861314,70.63143065634841,16.991596638655462,95200.0,121320.0,-26120.0
18.0,252.0,249.0,3.0,98.80952380952381,1.1904761904761898,4534.0,4293.0,241.0,17.22920094714452,87.95620437956204,70.72700343241752,17.813278008298756,96400.0,128790.0,-32390.0
19.0,252.0,252.0,0.0,100.0,0.0,4786.0,4545.0,241.0,18.240558654733714,87.95620437956204,69.71564572482832,18.858921161825727,96400.0,136350.0,-39950.0
20.0,252.0,251.0,1.0,99.60317460317461,0.39682539682539186,5038.0,4796.0,242.0,19.24790303808645,88.32116788321167,69.07326484512522,19.818181818181817,96800.0,143880.0,-47080.0
21.0,252.0,249.0,3.0,98.80952380952381,1.1904761904761898,5290.0,5045.0,245.0,20.247220772966248,89.41605839416059,69.16883762119434,20.591836734693878,98000.0,151350.0,-53350.0
22.0,252.0,251.0,1.0,99.60317460317461,0.39682539682539186,5542.0,5296.0,246.0,21.25456515631898,89.78102189781022,68.52645674149124,21.528455284552845,98400.0,158880.0,-60480.0
23.0,252.0,252.0,0.0,100.0,0.0,5794.0,5548.0,246.0,22.265922863908177,89.78102189781022,67.51509903390205,22.552845528455286,98400.0,166440.0,-68040.0
24.0,252.0,252.0,0.0,100.0,0.0,6046.0,5800.0,246.0,23.27728057149737,89.78102189781022,66.50374132631285,23.577235772357724,98400.0,174000.0,-75600.0
25.0,252.0,251.0,1.0,99.60317460317461,0.39682539682539186,6298.0,6051.0,247.0,24.284624954850102,90.14598540145985,65.86136044660975,24.497975708502025,98800.0,181530.0,-82730.0
26.0,252.0,250.0,2.0,99.2063492063492,0.7936507936507979,6550.0,6301.0,249.0,25.28795601396637,90.87591240875912,65.58795639479276,25.305220883534137,99600.0,189030.0,-89430.0
27.0,252.0,252.0,0.0,100.0,0.0,6802.0,6553.0,249.0,26.299313721555563,90.87591240875912,64.57659868720356,26.31726907630522,99600.0,196590.0,-96990.0
28.0,251.0,249.0,2.0,99.20318725099601,0.7968127490039905,7053.0,6802.0,251.0,27.298631456435366,91.60583941605839,64.30720795962301,27.099601593625497,100400.0,204060.0,-103660.0
29.0,252.0,251.0,1.0,99.60317460317461,0.39682539682539186,7305.0,7053.0,252.0,28.305975839788097,91.97080291970804,63.66482707991994,27.988095238095237,100800.0,211590.0,-110790.0
30.0,252.0,252.0,0.0,100.0,0.0,7557.0,7305.0,252.0,29.31733354737729,91.97080291970804,62.65346937233075,28.988095238095237,100800.0,219150.0,-118350.0
31.0,252.0,251.0,1.0,99.60317460317461,0.39682539682539186,7809.0,7556.0,253.0,30.324677930730022,92.33576642335767,62.01108849262765,29.865612648221344,101200.0,226680.0,-125480.0
32.0,252.0,252.0,0.0,100.0,0.0,8061.0,7808.0,253.0,31.33603563831922,92.33576642335767,60.99973078503845,30.861660079051383,101200.0,234240.0,-133040.0
33.0,252.0,252.0,0.0,100.0,0.0,8313.0,8060.0,253.0,32.347393345908415,92.33576642335767,59.98837307744925,31.857707509881422,101200.0,241800.0,-140600.0
34.0,252.0,252.0,0.0,100.0,0.0,8565.0,8312.0,253.0,33.35875105349761,92.33576642335767,58.977015369860055,32.85375494071146,101200.0,249360.0,-148160.0
35.0,252.0,252.0,0.0,100.0,0.0,8817.0,8564.0,253.0,34.37010876108681,92.33576642335767,57.96565766227086,33.8498023715415,101200.0,256920.0,-155720.0
36.0,252.0,250.0,2.0,99.2063492063492,0.7936507936507979,9069.0,8814.0,255.0,35.373439820203075,93.06569343065694,57.69225361045386,34.56470588235294,102000.0,264420.0,-162420.0
37.0,252.0,252.0,0.0,100.0,0.0,9321.0,9066.0,255.0,36.38479752779227,93.06569343065694,56.68089590286466,35.55294117647059,102000.0,271980.0,-169980.0
38.0,252.0,251.0,1.0,99.60317460317461,0.39682539682539186,9573.0,9317.0,256.0,37.392141911145,93.43065693430657,56.038515023161565,36.39453125,102400.0,279510.0,-177110.0
39.0,251.0,251.0,0.0,100.0,0.0,9824.0,9568.0,256.0,38.399486294497734,93.43065693430657,55.031170639808835,37.375,102400.0,287040.0,-184640.0
40.0,252.0,252.0,0.0,100.0,0.0,10076.0,9820.0,256.0,39.410844002086925,93.43065693430657,54.019812932219644,38.359375,102400.0,294600.0,-192200.0
41.0,252.0,252.0,0.0,100.0,0.0,10328.0,10072.0,256.0,40.42220170967612,93.43065693430657,53.008455224630445,39.34375,102400.0,302160.0,-199760.0
42.0,252.0,251.0,1.0,99.60317460317461,0.39682539682539186,10580.0,10323.0,257.0,41.429546093028854,93.7956204379562,52.36607434492735,40.16731517509728,102800.0,309690.0,-206890.0
43.0,252.0,252.0,0.0,100.0,0.0,10832.0,10575.0,257.0,42.44090380061805,93.7956204379562,51.35471663733815,41.14785992217899,102800.0,317250.0,-214450.0
44.0,252.0,252.0,0.0,100.0,0.0,11084.0,10827.0,257.0,43.45226150820725,93.7956204379562,50.34335892974895,42.1284046692607,102800.0,324810.0,-222010.0
45.0,252.0,252.0,0.0,100.0,0.0,11336.0,11079.0,257.0,44.46361921579644,93.7956204379562,49.33200122215976,43.10894941634241,102800.0,332370.0,-229570.0
46.0,252.0,252.0,0.0,100.0,0.0,11588.0,11331.0,257.0,45.47497692338564,93.7956204379562,48.32064351457056,44.08949416342413,102800.0,339930.0,-237130.0
47.0,252.0,252.0,0.0,100.0,0.0,11840.0,11583.0,257.0,46.48633463097484,93.7956204379562,47.309285806981364,45.070038910505836,102800.0,347490.0,-244690.0
48.0,252.0,251.0,1.0,99.60317460317461,0.39682539682539186,12092.0,11834.0,258.0,47.49367901432757,94.16058394160584,46.66690492727827,45.86821705426357,103200.0,355020.0,-251820.0
49.0,252.0,251.0,1.0,99.60317460317461,0.39682539682539186,12344.0,12085.0,259.0,48.5010233976803,94.52554744525547,46.02452404757517,46.66023166023166,103600.0,362550.0,-258950.0
50.0,252.0,252.0,0.0,100.0,0.0,12596.0,12337.0,259.0,49.5123811052695,94.52554744525547,45.01316633998597,47.633204633204635,103600.0,370110.0,-266510.0
51.0,251.0,251.0,0.0,100.0,0.0,12847.0,12588.0,259.0,50.51972548862223,94.52554744525547,44.00582195663324,48.602316602316606,103600.0,377640.0,-274040.0
52.0,252.0,252.0,0.0,100.0,0.0,13099.0,12840.0,259.0,51.53108319621142,94.52554744525547,42.99446424904405,49.575289575289574,103600.0,385200.0,-281600.0
53.0,252.0,251.0,1.0,99.60317460317461,0.39682539682539186,13351.0,13091.0,260.0,52.53842757956415,94.8905109489051,42.35208336934095,50.35,104000.0,392730.0,-288730.0
54.0,252.0,251.0,1.0,99.60317460317461,0.39682539682539186,13603.0,13342.0,261.0,53.54577196291688,95.25547445255475,41.70970248963787,51.11877394636015,104400.0,400260.0,-295860.0
55.0,252.0,252.0,0.0,100.0,0.0,13855.0,13594.0,261.0,54.55712967050608,95.25547445255475,40.69834478204867,52.08429118773947,104400.0,407820.0,-303420.0
56.0,252.0,251.0,1.0,99.60317460317461,0.39682539682539186,14107.0,13845.0,262.0,55.56447405385881,95.62043795620438,40.055963902345574,52.843511450381676,104800.0,415350.0,-310550.0
57.0,252.0,252.0,0.0,100.0,0.0,14359.0,14097.0,262.0,56.57583176144801,95.62043795620438,39.044606194756376,53.80534351145038,104800.0,422910.0,-318110.0
58.0,252.0,252.0,0.0,100.0,0.0,14611.0,14349.0,262.0,57.587189469037206,95.62043795620438,38.03324848716718,54.767175572519086,104800.0,430470.0,-325670.0
59.0,252.0,251.0,1.0,99.60317460317461,0.39682539682539186,14863.0,14600.0,263.0,58.59453385238994,95.98540145985402,37.39086760746408,55.51330798479088,105200.0,438000.0,-332800.0
60.0,252.0,252.0,0.0,100.0,0.0,15115.0,14852.0,263.0,59.60589155997913,95.98540145985402,36.37950989987489,56.47148288973384,105200.0,445560.0,-340360.0
61.0,252.0,251.0,1.0,99.60317460317461,0.39682539682539186,15367.0,15103.0,264.0,60.61323594333186,96.35036496350365,35.73712902017179,57.208333333333336,105600.0,453090.0,-347490.0
62.0,251.0,251.0,0.0,100.0,0.0,15618.0,15354.0,264.0,61.620580326684596,96.35036496350365,34.729784636819055,58.15909090909091,105600.0,460620.0,-355020.0
63.0,252.0,252.0,0.0,100.0,0.0,15870.0,15606.0,264.0,62.63193803427379,96.35036496350365,33.718426929229864,59.11363636363637,105600.0,468180.0,-362580.0
64.0,252.0,252.0,0.0,100.0,0.0,16122.0,15858.0,264.0,63.643295741862985,96.35036496350365,32.707069221640666,60.06818181818182,105600.0,475740.0,-370140.0
65.0,252.0,252.0,0.0,100.0,0.0,16374.0,16110.0,264.0,64.65465344945218,96.35036496350365,31.695711514051467,61.02272727272727,105600.0,483300.0,-377700.0
66.0,252.0,252.0,0.0,100.0,0.0,16626.0,16362.0,264.0,65.66601115704138,96.35036496350365,30.68435380646227,61.97727272727273,105600.0,490860.0,-385260.0
67.0,252.0,252.0,0.0,100.0,0.0,16878.0,16614.0,264.0,66.67736886463058,96.35036496350365,29.67299609887307,62.93181818181818,105600.0,498420.0,-392820.0
68.0,252.0,252.0,0.0,100.0,0.0,17130.0,16866.0,264.0,67.68872657221976,96.35036496350365,28.661638391283887,63.88636363636363,105600.0,505980.0,-400380.0
69.0,252.0,250.0,2.0,99.2063492063492,0.7936507936507979,17382.0,17116.0,266.0,68.69205763133604,97.08029197080292,28.388234339466877,64.34586466165413,106400.0,513480.0,-407080.0
70.0,252.0,252.0,0.0,100.0,0.0,17634.0,17368.0,266.0,69.70341533892523,97.08029197080292,27.376876631877693,65.29323308270676,106400.0,521040.0,-414640.0
71.0,252.0,252.0,0.0,100.0,0.0,17886.0,17620.0,266.0,70.71477304651442,97.08029197080292,26.365518924288494,66.2406015037594,106400.0,528600.0,-422200.0
72.0,252.0,251.0,1.0,99.60317460317461,0.39682539682539186,18138.0,17871.0,267.0,71.72211742986715,97.44525547445255,25.723138044585397,66.93258426966293,106800.0,536130.0,-429330.0
73.0,251.0,251.0,0.0,100.0,0.0,18389.0,18122.0,267.0,72.72946181321988,97.44525547445255,24.715793661232667,67.87265917602996,106800.0,543660.0,-436860.0
74.0,252.0,252.0,0.0,100.0,0.0,18641.0,18374.0,267.0,73.74081952080908,97.44525547445255,23.70443595364347,68.81647940074906,106800.0,551220.0,-444420.0
75.0,252.0,251.0,1.0,99.60317460317461,0.39682539682539186,18893.0,18625.0,268.0,74.74816390416181,97.81021897810218,23.06205507394037,69.49626865671642,107200.0,558750.0,-451550.0
76.0,252.0,252.0,0.0,100.0,0.0,19145.0,18877.0,268.0,75.75952161175101,97.81021897810218,22.050697366351173,70.43656716417911,107200.0,566310.0,-459110.0
77.0,252.0,252.0,0.0,100.0,0.0,19397.0,19129.0,268.0,76.77087931934021,97.81021897810218,21.039339658761975,71.3768656716418,107200.0,573870.0,-466670.0
78.0,252.0,252.0,0.0,100.0,0.0,19649.0,19381.0,268.0,77.78223702692941,97.81021897810218,20.027981951172777,72.31716417910448,107200.0,581430.0,-474230.0
79.0,252.0,251.0,1.0,99.60317460317461,0.39682539682539186,19901.0,19632.0,269.0,78.78958141028214,98.17518248175182,19.38560107146968,72.9814126394052,107600.0,588960.0,-481360.0
80.0,252.0,252.0,0.0,100.0,0.0,20153.0,19884.0,269.0,79.80093911787134,98.17518248175182,18.37424336388048,73.9182156133829,107600.0,596520.0,-488920.0
81.0,252.0,252.0,0.0,100.0,0.0,20405.0,20136.0,269.0,80.81229682546054,98.17518248175182,17.362885656291283,74.85501858736059,107600.0,604080.0,-496480.0
82.0,252.0,252.0,0.0,100.0,0.0,20657.0,20388.0,269.0,81.82365453304972,98.17518248175182,16.3515279487021,75.7918215613383,107600.0,611640.0,-504040.0
83.0,252.0,252.0,0.0,100.0,0.0,20909.0,20640.0,269.0,82.83501224063892,98.17518248175182,15.3401702411129,76.72862453531599,107600.0,619200.0,-511600.0
84.0,251.0,251.0,0.0,100.0,0.0,21160.0,20891.0,269.0,83.84235662399165,98.17518248175182,14.33282585776017,77.66171003717471,107600.0,626730.0,-519130.0
85.0,252.0,252.0,0.0,100.0,0.0,21412.0,21143.0,269.0,84.85371433158085,98.17518248175182,13.321468150170972,78.59851301115242,107600.0,634290.0,-526690.0
86.0,252.0,251.0,1.0,99.60317460317461,0.39682539682539186,21664.0,21394.0,270.0,85.86105871493358,98.54014598540147,12.679087270467889,79.23703703703704,108000.0,641820.0,-533820.0
87.0,252.0,252.0,0.0,100.0,0.0,21916.0,21646.0,270.0,86.87241642252278,98.54014598540147,11.66772956287869,80.17037037037036,108000.0,649380.0,-541380.0
88.0,252.0,252.0,0.0,100.0,0.0,22168.0,21898.0,270.0,87.88377413011197,98.54014598540147,10.656371855289493,81.1037037037037,108000.0,656940.0,-548940.0
89.0,252.0,252.0,0.0,100.0,0.0,22420.0,22150.0,270.0,88.89513183770117,98.54014598540147,9.645014147700294,82.03703703703704,108000.0,664500.0,-556500.0
90.0,252.0,252.0,0.0,100.0,0.0,22672.0,22402.0,270.0,89.90648954529037,98.54014598540147,8.633656440111096,82.97037037037038,108000.0,672060.0,-564060.0
91.0,252.0,251.0,1.0,99.60317460317461,0.39682539682539186,22924.0,22653.0,271.0,90.9138339286431,98.9051094890511,7.991275560407999,83.59040590405904,108400.0,679590.0,-571190.0
92.0,252.0,252.0,0.0,100.0,0.0,23176.0,22905.0,271.0,91.92519163623228,98.9051094890511,6.979917852818815,84.52029520295203,108400.0,687150.0,-578750.0
93.0,252.0,252.0,0.0,100.0,0.0,23428.0,23157.0,271.0,92.93654934382148,98.9051094890511,5.968560145229617,85.45018450184502,108400.0,694710.0,-586310.0
94.0,252.0,252.0,0.0,100.0,0.0,23680.0,23409.0,271.0,93.94790705141068,98.9051094890511,4.957202437640419,86.380073800738,108400.0,702270.0,-593870.0
95.0,251.0,251.0,0.0,100.0,0.0,23931.0,23660.0,271.0,94.95525143476341,98.9051094890511,3.949858054287688,87.30627306273063,108400.0,709800.0,-601400.0
96.0,252.0,252.0,0.0,100.0,0.0,24183.0,23912.0,271.0,95.96660914235261,98.9051094890511,2.93850034669849,88.23616236162361,108400.0,717360.0,-608960.0
97.0,252.0,251.0,1.0,99.60317460317461,0.39682539682539186,24435.0,24163.0,272.0,96.97395352570534,99.27007299270073,2.2961194669953926,88.8345588235294,108800.0,724890.0,-616090.0
98.0,252.0,250.0,2.0,99.2063492063492,0.7936507936507979,24687.0,24413.0,274.0,97.9772845848216,100.0,2.0227154151783964,89.0985401459854,109600.0,732390.0,-622790.0
99.0,252.0,252.0,0.0,100.0,0.0,24939.0,24665.0,274.0,98.9886422924108,100.0,1.0113577075891982,90.01824817518248,109600.0,739950.0,-630350.0
100.0,252.0,252.0,0.0,100.0,0.0,25191.0,24917.0,274.0,100.0,100.0,0.0,90.93795620437956,109600.0,747510.0,-637910.0
